doc 0 topics: 
0.6410256410256411   0.16025641025641027   0.08974358974358974   0.0641025641025641   0.019230769230769232   0.01282051282051282   0.01282051282051282   0.0   0.0   0.0   0.0   0.0   0.0   0.0   0.0   0.0   0.0   0.0   0.0   0.0   

doc 1 topics: 
0.2754237288135593   0.23728813559322035   0.2288135593220339   0.09322033898305085   0.07627118644067797   0.07627118644067797   0.012711864406779662   0.0   0.0   0.0   0.0   0.0   0.0   0.0   0.0   0.0   0.0   0.0   0.0   0.0   

doc 2 topics: 
0.4396135265700483   0.15458937198067632   0.14009661835748793   0.11594202898550725   0.08695652173913043   0.03864734299516908   0.01932367149758454   0.004830917874396135   0.0   0.0   0.0   0.0   0.0   0.0   0.0   0.0   0.0   0.0   0.0   0.0   

doc 3 topics: 
0.8010752688172043   0.14516129032258066   0.03225806451612903   0.010752688172043012   0.005376344086021506   0.005376344086021506   0.0   0.0   0.0   0.0   0.0   0.0   0.0   0.0   0.0   0.0   0.0   0.0   0.0   0.0   

doc 4 topics: 
0.5833333333333334   0.20454545454545456   0.06818181818181818   0.06060606060606061   0.045454545454545456   0.030303030303030304   0.007575757575757576   0.0   0.0   0.0   0.0   0.0   0.0   0.0   0.0   0.0   0.0   0.0   0.0   0.0   

doc 5 topics: 
0.36046511627906974   0.26744186046511625   0.20930232558139536   0.16279069767441862   0.0   0.0   0.0   0.0   0.0   0.0   0.0   0.0   0.0   0.0   0.0   0.0   0.0   0.0   0.0   0.0   

doc 6 topics: 
0.5283018867924528   0.16981132075471697   0.11320754716981132   0.11320754716981132   0.07547169811320754   0.0   0.0   0.0   0.0   0.0   0.0   0.0   0.0   0.0   0.0   0.0   0.0   0.0   0.0   0.0   

doc 7 topics: 
0.49640287769784175   0.28776978417266186   0.07913669064748201   0.06474820143884892   0.02158273381294964   0.02158273381294964   0.014388489208633094   0.014388489208633094   0.0   0.0   0.0   0.0   0.0   0.0   0.0   0.0   0.0   0.0   0.0   0.0   

doc 8 topics: 
0.4444444444444444   0.35555555555555557   0.08888888888888889   0.06666666666666667   0.044444444444444446   0.0   0.0   0.0   0.0   0.0   0.0   0.0   0.0   0.0   0.0   0.0   0.0   0.0   0.0   0.0   

doc 9 topics: 
0.30708661417322836   0.25196850393700787   0.1732283464566929   0.11023622047244094   0.08661417322834646   0.07086614173228346   0.0   0.0   0.0   0.0   0.0   0.0   0.0   0.0   0.0   0.0   0.0   0.0   0.0   0.0   

