doc 0 topics: 
0.23717948717948717   0.1858974358974359   0.17307692307692307   0.12179487179487179   0.11538461538461539   0.08333333333333333   0.07051282051282051   0.01282051282051282   0.0   0.0   0.0   0.0   0.0   0.0   0.0   0.0   0.0   0.0   0.0   0.0   

doc 1 topics: 
0.2330508474576271   0.17796610169491525   0.13983050847457626   0.11440677966101695   0.1059322033898305   0.0847457627118644   0.038135593220338986   0.029661016949152543   0.025423728813559324   0.0211864406779661   0.01694915254237288   0.012711864406779662   0.0   0.0   0.0   0.0   0.0   0.0   0.0   0.0   

doc 2 topics: 
0.30434782608695654   0.20772946859903382   0.12077294685990338   0.10628019323671498   0.0966183574879227   0.0821256038647343   0.028985507246376812   0.01932367149758454   0.014492753623188406   0.014492753623188406   0.004830917874396135   0.0   0.0   0.0   0.0   0.0   0.0   0.0   0.0   0.0   

doc 3 topics: 
0.3118279569892473   0.24193548387096775   0.12365591397849462   0.0967741935483871   0.05913978494623656   0.053763440860215055   0.053763440860215055   0.03225806451612903   0.026881720430107527   0.0   0.0   0.0   0.0   0.0   0.0   0.0   0.0   0.0   0.0   0.0   

doc 4 topics: 
0.26515151515151514   0.21212121212121213   0.16666666666666666   0.12121212121212122   0.11363636363636363   0.08333333333333333   0.03787878787878788   0.0   0.0   0.0   0.0   0.0   0.0   0.0   0.0   0.0   0.0   0.0   0.0   0.0   

doc 5 topics: 
0.3023255813953488   0.23255813953488372   0.09302325581395349   0.08139534883720931   0.06976744186046512   0.046511627906976744   0.046511627906976744   0.046511627906976744   0.03488372093023256   0.03488372093023256   0.011627906976744186   0.0   0.0   0.0   0.0   0.0   0.0   0.0   0.0   0.0   

doc 6 topics: 
0.39622641509433965   0.20754716981132076   0.16981132075471697   0.11320754716981132   0.07547169811320754   0.018867924528301886   0.018867924528301886   0.0   0.0   0.0   0.0   0.0   0.0   0.0   0.0   0.0   0.0   0.0   0.0   0.0   

doc 7 topics: 
0.2517985611510791   0.22302158273381295   0.12949640287769784   0.10071942446043165   0.08633093525179857   0.05755395683453238   0.050359712230215826   0.04316546762589928   0.03597122302158273   0.014388489208633094   0.007194244604316547   0.0   0.0   0.0   0.0   0.0   0.0   0.0   0.0   0.0   

doc 8 topics: 
0.24444444444444444   0.2222222222222222   0.15555555555555556   0.13333333333333333   0.08888888888888889   0.08888888888888889   0.022222222222222223   0.022222222222222223   0.022222222222222223   0.0   0.0   0.0   0.0   0.0   0.0   0.0   0.0   0.0   0.0   0.0   

doc 9 topics: 
0.29133858267716534   0.16535433070866143   0.14960629921259844   0.14173228346456693   0.09448818897637795   0.05511811023622047   0.03937007874015748   0.031496062992125984   0.015748031496062992   0.015748031496062992   0.0   0.0   0.0   0.0   0.0   0.0   0.0   0.0   0.0   0.0   

