doc 0 topics: 
0.39253077   0.35874376   0.13966861   0.10743081   

doc 1 topics: 
0.54558545   0.17566144   0.08764216   0.08741996   0.059755776   0.022330334   0.011781137   

doc 2 topics: 
0.44679812   0.19724418   0.089568615   0.0777981   0.052709688   0.047138885   0.046295613   0.034361865   

doc 3 topics: 
0.50107604   0.14232263   0.12030633   0.09942053   0.05420516   0.030813547   0.020241113   0.010981358   

doc 4 topics: 
0.8898171   0.10792154   

doc 5 topics: 
0.363671   0.28157583   0.14814958   0.086485624   0.071394645   0.040289592   

doc 6 topics: 
0.7740008   0.121835716   0.085284896   

doc 7 topics: 
0.53423196   0.18010059   0.14985488   0.07592336   0.027522562   0.01830023   

doc 8 topics: 
0.5673149   0.12743743   0.08352334   0.083388366   0.05836707   0.043212317   0.015462077   0.012136292   

doc 9 topics: 
0.57146025   0.28300983   0.0373923   0.028992964   0.026702344   0.021496942   0.011420795   

