doc 0 topics: 
0.3170731707317073   0.21602787456445993   0.13588850174216027   0.1289198606271777   0.10801393728222997   0.03484320557491289   0.0313588850174216   0.017421602787456445   0.006968641114982578   0.003484320557491289   0.0   0.0   0.0   0.0   0.0   0.0   0.0   0.0   0.0   0.0   

doc 1 topics: 
0.1420940170940171   0.10042735042735043   0.08974358974358974   0.08440170940170941   0.08333333333333333   0.07905982905982906   0.07478632478632478   0.06837606837606838   0.057692307692307696   0.03952991452991453   0.029914529914529916   0.028846153846153848   0.028846153846153848   0.027777777777777776   0.023504273504273504   0.0202991452991453   0.011752136752136752   0.009615384615384616   0.0   0.0   

doc 2 topics: 
0.26226993865030673   0.15184049079754602   0.12269938650306748   0.09815950920245399   0.07208588957055215   0.06441717791411043   0.04294478527607362   0.03834355828220859   0.03834355828220859   0.027607361963190184   0.019938650306748466   0.018404907975460124   0.018404907975460124   0.013803680981595092   0.009202453987730062   0.0015337423312883436   0.0   0.0   0.0   0.0   

doc 3 topics: 
0.17256011315417255   0.13012729844413012   0.12588401697312587   0.1074964639321075   0.10042432814710042   0.09335219236209336   0.07355021216407355   0.05374823196605375   0.05091937765205092   0.042432814710042434   0.01272984441301273   0.009900990099009901   0.008486562942008486   0.005657708628005658   0.004243281471004243   0.004243281471004243   0.004243281471004243   0.0   0.0   0.0   

doc 4 topics: 
0.3553299492385787   0.24873096446700507   0.18274111675126903   0.12690355329949238   0.07614213197969544   0.005076142131979695   0.005076142131979695   0.0   0.0   0.0   0.0   0.0   0.0   0.0   0.0   0.0   0.0   0.0   0.0   0.0   

doc 5 topics: 
0.3333333333333333   0.24561403508771928   0.21052631578947367   0.15789473684210525   0.05263157894736842   0.0   0.0   0.0   0.0   0.0   0.0   0.0   0.0   0.0   0.0   0.0   0.0   0.0   0.0   0.0   

doc 6 topics: 
0.2511415525114155   0.1780821917808219   0.1506849315068493   0.1278538812785388   0.091324200913242   0.0821917808219178   0.0502283105022831   0.0410958904109589   0.0136986301369863   0.0045662100456621   0.0045662100456621   0.0045662100456621   0.0   0.0   0.0   0.0   0.0   0.0   0.0   0.0   

doc 7 topics: 
0.13023255813953488   0.11162790697674418   0.10077519379844961   0.09612403100775194   0.08372093023255814   0.08062015503875969   0.06821705426356589   0.05891472868217054   0.05271317829457364   0.05116279069767442   0.04186046511627907   0.037209302325581395   0.027906976744186046   0.02635658914728682   0.012403100775193798   0.007751937984496124   0.007751937984496124   0.004651162790697674   0.0   0.0   

doc 8 topics: 
0.24608501118568232   0.17225950782997762   0.14541387024608501   0.0894854586129754   0.08053691275167785   0.06487695749440715   0.05145413870246085   0.04697986577181208   0.040268456375838924   0.035794183445190156   0.020134228187919462   0.006711409395973154   0.0   0.0   0.0   0.0   0.0   0.0   0.0   0.0   

doc 9 topics: 
0.36328125   0.25   0.24609375   0.09375   0.03515625   0.0078125   0.00390625   0.0   0.0   0.0   0.0   0.0   0.0   0.0   0.0   0.0   0.0   0.0   0.0   0.0   

